{
  "model": {
    "version": 2,
    "nodes": [
      {
        "name": "RootNode",
        "position": [
          0,
          0,
          0
        ],
        "rotation": [
          0,
          0,
          0
        ],
        "scale": [
          1,
          1,
          1
        ]
      },
      {
        "name": "Armature",
        "position": [
          0,
          0,
          0
        ],
        "rotation": [
          -90,
          0,
          0
        ],
        "scale": [
          1,
          1,
          1
        ]
      },
      {
        "name": "Root",
        "position": [
          0,
          2.38419E-8,
          -4.76837E-8
        ],
        "rotation": [
          0,
          0,
          0
        ],
        "scale": [
          1,
          1,
          1
        ]
      },
      {
        "name": "Bip01",
        "position": [
          0.0398316,
          0.355781,
          0.799352
        ],
        "rotation": [
          -42.0409,
          -0.000101469,
          -179.339
        ],
        "scale": [
          1,
          1,
          1
        ]
      },
      {
        "name": "Bip01 Pelvis",
        "position": [
          0.00050904,
          0.0242785,
          -4.30446E-8
        ],
        "rotation": [
          -72.2263,
          50.5038,
          99.8308
        ],
        "scale": [
          1,
          1,
          1
        ]
      },
      {
        "name": "Bip01 L Thigh",
        "position": [
          -3.23169E-7,
          -1.39698E-7,
          0.106005
        ],
        "rotation": [
          -84.4058,
          -12.8016,
          -167.989
        ],
        "scale": [
          1,
          1,
          1
        ]
      },
      {
        "name": "Bip01 L Calf",
        "position": [
          -0.324122,
          -0.0106896,
          0.269897
        ],
        "rotation": [
          -0.909779,
          3.63238,
          -178.856
        ],
        "scale": [
          0.999911,
          1,
          0.999998
        ]
      },
      {
        "name": "Bip01 L HorseLink",
        "position": [
          0.143724,
          -4.64963E-7,
          -0.161251
        ],
        "rotation": [
          -3.67795E-7,
          33.2282,
          -0.0000152551
        ],
        "scale": [
          1,
          1,
          1
        ]
      },
      {
        "name": "Bip01 L Foot",
        "position": [
          0.0717482,
          -1.12457E-7,
          0.122296
        ],
        "rotation": [
          -2.73941,
          -54.7301,
          4.83095
        ],
        "scale": [
          1,
          1,
          1
        ]
      },
      {
        "name": "Bip01 L Foot_end",
        "position": [
          0,
          0.2,
          0
        ],
        "rotation": [
          0,
          0,
          0
        ],
        "scale": [
          1,
          1,
          1
        ]
      },
      {
        "name": "Bip01 R Thigh",
        "position": [
          3.44124E-7,
          7.54371E-8,
          -0.106005
        ],
        "rotation": [
          -80.8106,
          -10.1651,
          -156.963
        ],
        "scale": [
          1,
          1,
          1
        ]
      },
      {
        "name": "Bip01 R Calf",
        "position": [
          -0.324217,
          0.0103972,
          0.269794
        ],
        "rotation": [
          1.07562,
          -19.4537,
          178.626
        ],
        "scale": [
          1.00005,
          1,
          1.00001
        ]
      },
      {
        "name": "Bip01 R HorseLink",
        "position": [
          0.14388,
          -1.45053E-7,
          -0.161071
        ],
        "rotation": [
          0.00000206461,
          55.1231,
          0.0000122976
        ],
        "scale": [
          1,
          1,
          1
        ]
      },
      {
        "name": "Bip01 R Foot",
        "position": [
          0.0718195,
          -1.48779E-7,
          0.122244
        ],
        "rotation": [
          3.11511,
          -69.2673,
          -3.80258
        ],
        "scale": [
          1,
          1,
          1
        ]
      },
      {
        "name": "Bip01 R Foot_end",
        "position": [
          0,
          0.2,
          0
        ],
        "rotation": [
          0,
          0,
          0
        ],
        "scale": [
          1,
          1,
          1
        ]
      },
      {
        "name": "Bip01 Spine",
        "position": [
          -0.00495428,
          -0.057997,
          0.0110684
        ],
        "rotation": [
          -93.0288,
          2.80181,
          -130.236
        ],
        "scale": [
          1,
          1,
          1
        ]
      },
      {
        "name": "Bip01 Spine1",
        "position": [
          0.17493,
          -0.0000239946,
          0.17001
        ],
        "rotation": [
          0.744821,
          -38.5399,
          -13.4599
        ],
        "scale": [
          1,
          1,
          1
        ]
      },
      {
        "name": "Bip01 Spine2",
        "position": [
          0.262666,
          0.0000637211,
          -0.0219125
        ],
        "rotation": [
          4.66024,
          23.4871,
          -11.5092
        ],
        "scale": [
          1,
          1,
          1
        ]
      },
      {
        "name": "Bip01 Neck",
        "position": [
          0.271915,
          -0.00033511,
          -0.0415686
        ],
        "rotation": [
          -9.38787,
          23.7945,
          5.61718
        ],
        "scale": [
          1,
          1,
          1
        ]
      },
      {
        "name": "Bip01 Head",
        "position": [
          0.172468,
          -0.00000433996,
          -0.00940386
        ],
        "rotation": [
          2.50911,
          -26.2358,
          -1.25781
        ],
        "scale": [
          1,
          1,
          1
        ]
      },
      {
        "name": "Bip01 Jaw",
        "position": [
          0.0746902,
          -0.000191703,
          0.161146
        ],
        "rotation": [
          -0.498063,
          -21.732,
          -0.0494741
        ],
        "scale": [
          1,
          1,
          1
        ]
      },
      {
        "name": "Bip01 Jaw_end",
        "position": [
          0,
          0.2,
          0
        ],
        "rotation": [
          0,
          0,
          0
        ],
        "scale": [
          1,
          1,
          1
        ]
      },
      {
        "name": "Bip01 Ponytail2",
        "position": [
          0.115039,
          0.111145,
          -0.0916883
        ],
        "rotation": [
          -8.01028,
          -22.2422,
          -0.425632
        ],
        "scale": [
          1,
          1,
          1
        ]
      },
      {
        "name": "Bip01 Ponytail2_end",
        "position": [
          0,
          0.2,
          0
        ],
        "rotation": [
          0,
          0,
          0
        ],
        "scale": [
          1,
          1,
          1
        ]
      },
      {
        "name": "Bip01 Ponytail1",
        "position": [
          0.115039,
          -0.110845,
          -0.0919646
        ],
        "rotation": [
          4.33798,
          -22.1179,
          -0.929061
        ],
        "scale": [
          1,
          1,
          1
        ]
      },
      {
        "name": "Bip01 Ponytail1_end",
        "position": [
          0,
          0.2,
          0
        ],
        "rotation": [
          0,
          0,
          0
        ],
        "scale": [
          1,
          1,
          1
        ]
      },
      {
        "name": "Bip01 R Clavicle",
        "position": [
          0.00784511,
          0.141482,
          -0.028426
        ],
        "rotation": [
          11.9764,
          -8.59476,
          -8.09163
        ],
        "scale": [
          1,
          1,
          1
        ]
      },
      {
        "name": "Bip01 R UpperArm",
        "position": [
          -0.0996813,
          0.0235456,
          0.178925
        ],
        "rotation": [
          -69.277,
          -125.134,
          -10.475
        ],
        "scale": [
          1,
          1,
          1
        ]
      },
      {
        "name": "Bip01 R Forearm",
        "position": [
          0.319999,
          -0.048235,
          -0.0329896
        ],
        "rotation": [
          85.4542,
          7.9049,
          11.9297
        ],
        "scale": [
          1,
          1,
          1
        ]
      },
      {
        "name": "Bip01 R Hand",
        "position": [
          0.279919,
          -1.49012E-8,
          -0.096161
        ],
        "rotation": [
          -3.5567,
          9.93624,
          1.0013
        ],
        "scale": [
          1,
          1,
          1
        ]
      },
      {
        "name": "Bip01 R Finger0",
        "position": [
          0.115913,
          0.00023346,
          -0.0758497
        ],
        "rotation": [
          179.92,
          0.300783,
          -0.0200301
        ],
        "scale": [
          1,
          0.999999,
          1
        ]
      },
      {
        "name": "Bip01 R Finger0_end",
        "position": [
          0,
          0.2,
          0
        ],
        "rotation": [
          0,
          0,
          0
        ],
        "scale": [
          1,
          1,
          1
        ]
      },
      {
        "name": "Bip01 L Clavicle",
        "position": [
          -0.0157789,
          -0.11783,
          -0.0822949
        ],
        "rotation": [
          19.88,
          -45.5945,
          -23.2481
        ],
        "scale": [
          1,
          1,
          1
        ]
      },
      {
        "name": "Bip01 L UpperArm",
        "position": [
          -0.099681,
          -0.0235463,
          0.178925
        ],
        "rotation": [
          80.1873,
          -107.575,
          21.2118
        ],
        "scale": [
          1,
          1,
          1
        ]
      },
      {
        "name": "Bip01 L Forearm",
        "position": [
          0.320109,
          0.0481737,
          -0.0320019
        ],
        "rotation": [
          -84.2865,
          6.87886,
          -2.59873
        ],
        "scale": [
          1,
          1,
          1
        ]
      },
      {
        "name": "Bip01 L Hand",
        "position": [
          0.279918,
          -4.42378E-8,
          -0.0961606
        ],
        "rotation": [
          -1.04021,
          10.9204,
          3.26691
        ],
        "scale": [
          1,
          1,
          1
        ]
      },
      {
        "name": "Bip01 L Finger0",
        "position": [
          0.115913,
          -0.000233232,
          -0.0758497
        ],
        "rotation": [
          177.894,
          31.26,
          -8.6195
        ],
        "scale": [
          0.999845,
          1.00013,
          1.00003
        ]
      },
      {
        "name": "Bip01 L Finger0_end",
        "position": [
          0,
          0.2,
          0
        ],
        "rotation": [
          0,
          0,
          0
        ],
        "scale": [
          1,
          1,
          1
        ]
      },
      {
        "name": "Bip01 R Pack",
        "position": [
          0.00825187,
          0.0576661,
          -0.144289
        ],
        "rotation": [
          7.46547,
          -4.10596,
          4.00302
        ],
        "scale": [
          1,
          1,
          1
        ]
      },
      {
        "name": "Bip01 R Pack_end",
        "position": [
          0,
          0.2,
          0
        ],
        "rotation": [
          0,
          0,
          0
        ],
        "scale": [
          1,
          1,
          1
        ]
      },
      {
        "name": "Bip01 L Pack",
        "position": [
          0.00826319,
          -0.0581964,
          -0.144281
        ],
        "rotation": [
          4.75047,
          -1.1432,
          3.52341
        ],
        "scale": [
          1,
          1,
          1
        ]
      },
      {
        "name": "Bip01 L Pack_end",
        "position": [
          0,
          0.2,
          0
        ],
        "rotation": [
          0,
          0,
          0
        ],
        "scale": [
          1,
          1,
          1
        ]
      },
      {
        "name": "Bip01 Tail",
        "position": [
          -0.0544082,
          0.125249,
          -0.0154039
        ],
        "rotation": [
          -86.5108,
          -4.08026,
          -133.418
        ],
        "scale": [
          1,
          1,
          1
        ]
      },
      {
        "name": "Bip01 Tail1",
        "position": [
          -0.188003,
          0.00000148267,
          0.0300179
        ],
        "rotation": [
          -2.52818,
          -149.729,
          5.9639
        ],
        "scale": [
          1,
          1,
          1
        ]
      },
      {
        "name": "Bip01 Tail2",
        "position": [
          0.22634,
          -2.83122E-7,
          0.0213825
        ],
        "rotation": [
          9.21105,
          -17.9767,
          -14.8776
        ],
        "scale": [
          1,
          1,
          1
        ]
      },
      {
        "name": "Bip01 Tail3",
        "position": [
          0.213518,
          -2.38419E-7,
          0.0667846
        ],
        "rotation": [
          9.62506,
          -19.4459,
          -15.0105
        ],
        "scale": [
          1,
          1,
          1
        ]
      },
      {
        "name": "Bip01 Tail3_end",
        "position": [
          0,
          0.2,
          0
        ],
        "rotation": [
          0,
          0,
          0
        ],
        "scale": [
          1,
          1,
          1
        ]
      },
      {
        "name": "obj0",
        "position": [
          0,
          0,
          0
        ],
        "rotation": [
          -90,
          0,
          0
        ],
        "scale": [
          1,
          1,
          1
        ]
      },
      {
        "name": "Lamp",
        "position": [
          4.07625,
          5.90386,
          -1.00545
        ],
        "rotation": [
          47.5336,
          107.221,
          10.7437
        ],
        "scale": [
          1,
          1,
          1
        ]
      },
      {
        "name": "Camera",
        "position": [
          7.48113,
          5.34367,
          6.50764
        ],
        "rotation": [
          22.7688,
          142.108,
          34.3485
        ],
        "scale": [
          1,
          1,
          1
        ]
      }
    ],
    "parents": [
      -1,
      0,
      1,
      2,
      3,
      4,
      5,
      6,
      7,
      8,
      4,
      10,
      11,
      12,
      13,
      4,
      15,
      16,
      17,
      18,
      19,
      20,
      19,
      22,
      19,
      24,
      18,
      26,
      27,
      28,
      29,
      30,
      18,
      32,
      33,
      34,
      35,
      36,
      16,
      38,
      16,
      40,
      4,
      42,
      43,
      44,
      45,
      0,
      0,
      0
    ],
    "skins": [
      {
        "inverseBindMatrices": [
          [
            1,
            0,
            0,
            0,
            0,
            6.12323E-17,
            1,
            0,
            0,
            -1,
            6.12323E-17,
            0,
            0,
            -2.38419E-8,
            4.76837E-8,
            1
          ],
          [
            -1,
            3.26528E-20,
            -1.1924E-7,
            0,
            -1.1924E-7,
            -2.73842E-13,
            1,
            0,
            0,
            1,
            2.73842E-13,
            0,
            -5.05865E-7,
            0.248506,
            -0.787,
            1
          ],
          [
            0.00000326278,
            -0.00000158184,
            1,
            0,
            -0.706148,
            -0.708064,
            0.00000118396,
            0,
            0.708064,
            -0.706148,
            -0.00000342727,
            0,
            0.714506,
            0.398909,
            0.000507939,
            1
          ],
          [
            -3.61249E-7,
            -1,
            0.00000716659,
            0,
            0.708063,
            -0.00000531647,
            -0.70615,
            0,
            0.70615,
            0.0000048193,
            0.708063,
            0,
            -0.398907,
            0.105501,
            0.714507,
            1
          ],
          [
            0.0253439,
            0.999677,
            -0.00216062,
            0,
            -0.99573,
            0.0250473,
            -0.0895327,
            0,
            -0.0894524,
            0.0044201,
            0.996012,
            0,
            0.338966,
            -0.124182,
            0.29406,
            1
          ],
          [
            0.0184767,
            0.999677,
            0.0174834,
            0,
            -0.595674,
            0.0250492,
            -0.802878,
            0,
            -0.803121,
            0.00441971,
            0.595895,
            0,
            -0.210012,
            -0.124182,
            0.448687,
            1
          ],
          [
            0.0244268,
            0.999677,
            -0.0070908,
            0,
            -0.993927,
            0.025047,
            0.107562,
            0,
            0.107705,
            0.00441994,
            0.994221,
            0,
            0.139,
            -0.124181,
            0.408165,
            1
          ],
          [
            -3.96566E-7,
            -1,
            0.00000718425,
            0,
            0.708063,
            -0.00000535395,
            -0.70615,
            0,
            0.70615,
            0.00000480686,
            0.708063,
            0,
            -0.398907,
            -0.106509,
            0.714507,
            1
          ],
          [
            -0.0246362,
            0.999696,
            -0.00060977,
            0,
            -0.995615,
            -0.024592,
            -0.0899257,
            0,
            -0.0899128,
            -0.00160842,
            0.995925,
            0,
            0.338859,
            0.125476,
            0.293998,
            1
          ],
          [
            -0.0159567,
            0.999697,
            -0.0187788,
            0,
            -0.596199,
            -0.0245907,
            -0.802436,
            0,
            -0.802613,
            -0.00160844,
            0.596441,
            0,
            -0.209484,
            0.125476,
            0.448581,
            1
          ],
          [
            -0.0242757,
            0.999697,
            0.00424495,
            0,
            -0.993877,
            -0.024592,
            0.107541,
            0,
            0.107614,
            -0.00160841,
            0.994158,
            0,
            0.138843,
            0.125476,
            0.407857,
            1
          ],
          [
            -4.05785E-7,
            -1,
            0.00000720558,
            0,
            0.708063,
            -0.00000537554,
            -0.70615,
            0,
            0.70615,
            0.00000481546,
            0.708063,
            0,
            -0.458248,
            -0.000356791,
            0.713258,
            1
          ],
          [
            0.00000283378,
            -1,
            -0.00122943,
            0,
            0.0147734,
            0.00122934,
            -0.99989,
            0,
            0.999891,
            -0.0000153294,
            0.0147734,
            0,
            -0.0747712,
            -0.00138291,
            0.830933,
            1
          ],
          [
            0.00000275005,
            -1,
            -0.0012233,
            0,
            0.0971299,
            0.00121778,
            -0.995271,
            0,
            0.995272,
            -0.000116082,
            0.0971299,
            0,
            -0.406638,
            -0.00136702,
            0.822154,
            1
          ],
          [
            0.00000203779,
            -1,
            -0.00124123,
            0,
            0.199465,
            0.00121669,
            -0.979904,
            0,
            0.979905,
            -0.000245585,
            0.199465,
            0,
            -0.764216,
            -0.000979436,
            0.788981,
            1
          ],
          [
            0.00000203779,
            -1,
            -0.00124125,
            0,
            0.199465,
            0.00121671,
            -0.979904,
            0,
            0.979905,
            -0.000245588,
            0.199465,
            0,
            -0.936685,
            -0.000975109,
            0.798385,
            1
          ],
          [
            0.00000403185,
            -0.999988,
            -0.00508616,
            0,
            -0.243809,
            0.0049317,
            -0.969811,
            0,
            0.969823,
            0.00124396,
            -0.243806,
            0,
            -0.636458,
            -0.00514027,
            1.01186,
            1
          ],
          [
            0.00000404652,
            -0.999988,
            -0.00508605,
            0,
            -0.243809,
            0.00493158,
            -0.969811,
            0,
            0.969823,
            0.00124395,
            -0.243806,
            0,
            -0.563456,
            -0.117414,
            1.25685,
            1
          ],
          [
            0.00000401421,
            -0.999988,
            -0.00508611,
            0,
            -0.243809,
            0.00493165,
            -0.969811,
            0,
            0.969823,
            0.00124393,
            -0.243806,
            0,
            -0.563456,
            0.104583,
            1.25798,
            1
          ],
          [
            0.00000212844,
            -1,
            -0.00124099,
            0,
            0.199466,
            0.00121648,
            -0.979904,
            0,
            0.979905,
            -0.000245449,
            0.199465,
            0,
            -0.742909,
            -0.133944,
            0.841393,
            1
          ],
          [
            -0.115283,
            -0.0637881,
            -0.991283,
            0,
            -0.946726,
            -0.295038,
            0.129086,
            0,
            -0.300701,
            0.953354,
            -0.026377,
            0,
            0.867945,
            -0.255445,
            -0.242545,
            1
          ],
          [
            -0.00341708,
            -0.999104,
            -0.0422013,
            0,
            -0.900666,
            -0.0152617,
            0.434245,
            0,
            -0.4345,
            0.0394931,
            -0.899806,
            0,
            0.591009,
            -0.16433,
            0.103913,
            1
          ],
          [
            0.0104794,
            -0.999104,
            -0.0410221,
            0,
            -0.992889,
            -0.0152618,
            0.118066,
            0,
            -0.118586,
            0.0394932,
            -0.992158,
            0,
            0.229211,
            -0.16433,
            0.290291,
            1
          ],
          [
            0.0307768,
            0.999059,
            0.0305725,
            0,
            -0.918882,
            0.0162439,
            0.394199,
            0,
            0.393331,
            -0.0402247,
            0.918516,
            0,
            -0.0847545,
            0.164771,
            -0.373689,
            1
          ],
          [
            0.00000212844,
            -1,
            -0.00124099,
            0,
            0.199466,
            0.00121648,
            -0.979904,
            0,
            0.979905,
            -0.000245449,
            0.199465,
            0,
            -0.742949,
            0.131955,
            0.84179,
            1
          ],
          [
            0.113132,
            -0.0626068,
            0.991606,
            0,
            -0.947003,
            0.29519,
            0.126681,
            0,
            -0.300643,
            -0.953385,
            -0.0258934,
            0,
            0.868535,
            0.255167,
            -0.240629,
            1
          ],
          [
            0.00450425,
            -0.9991,
            0.0421871,
            0,
            -0.900662,
            0.0142773,
            0.434286,
            0,
            -0.434497,
            -0.0399524,
            -0.899787,
            0,
            0.590868,
            0.164984,
            0.103915,
            1
          ],
          [
            -0.00944642,
            -0.9991,
            0.0413619,
            0,
            -0.992899,
            0.0142773,
            0.118106,
            0,
            -0.11859,
            -0.0399525,
            -0.992139,
            0,
            0.229076,
            0.164984,
            0.290248,
            1
          ],
          [
            -0.0300607,
            0.999056,
            -0.0313859,
            0,
            -0.918911,
            -0.0152662,
            0.394169,
            0,
            0.393318,
            0.0406899,
            0.918502,
            0,
            -0.0848471,
            -0.165427,
            -0.373584,
            1
          ],
          [
            0.00000289364,
            -1,
            -0.00122322,
            0,
            0.09713,
            0.00121772,
            -0.995271,
            0,
            0.995272,
            -0.000115932,
            0.0971299,
            0,
            -0.163121,
            -0.059046,
            0.965037,
            1
          ],
          [
            0.00000289366,
            -1,
            -0.00122322,
            0,
            0.09713,
            0.00121772,
            -0.995271,
            0,
            0.995272,
            -0.000115932,
            0.0971299,
            0,
            -0.163121,
            0.0568188,
            0.965038,
            1
          ],
          [
            -3.58504E-7,
            -1,
            0.00000715974,
            0,
            0.708063,
            -0.00000530969,
            -0.70615,
            0,
            0.70615,
            0.00000481639,
            0.708063,
            0,
            -0.279238,
            0.000472845,
            0.782165,
            1
          ],
          [
            -0.00000637061,
            -1,
            -0.0000176146,
            0,
            -0.81001,
            -0.00000516926,
            0.586417,
            0,
            -0.586417,
            0.0000180039,
            -0.81001,
            0,
            0.207953,
            0.000477481,
            -0.728538,
            1
          ],
          [
            -0.00000782529,
            -1,
            -0.0000169029,
            0,
            -0.750823,
            -0.00000528901,
            0.660504,
            0,
            -0.660504,
            0.0000178597,
            -0.750823,
            0,
            -0.0892987,
            0.000477662,
            -0.74479,
            1
          ],
          [
            -0.0000118662,
            -1,
            -0.0000138739,
            0,
            -0.518425,
            -0.00000571217,
            0.855123,
            0,
            -0.855123,
            0.0000173396,
            -0.518425,
            0,
            -0.532057,
            0.000477598,
            -0.683552,
            1
          ]
        ],
        "boneNames": [
          "Root",
          "Bip01",
          "Bip01 Pelvis",
          "Bip01 L Thigh",
          "Bip01 L Calf",
          "Bip01 L HorseLink",
          "Bip01 L Foot",
          "Bip01 R Thigh",
          "Bip01 R Calf",
          "Bip01 R HorseLink",
          "Bip01 R Foot",
          "Bip01 Spine",
          "Bip01 Spine1",
          "Bip01 Spine2",
          "Bip01 Neck",
          "Bip01 Head",
          "Bip01 Jaw",
          "Bip01 Ponytail2",
          "Bip01 Ponytail1",
          "Bip01 R Clavicle",
          "Bip01 R UpperArm",
          "Bip01 R Forearm",
          "Bip01 R Hand",
          "Bip01 R Finger0",
          "Bip01 L Clavicle",
          "Bip01 L UpperArm",
          "Bip01 L Forearm",
          "Bip01 L Hand",
          "Bip01 L Finger0",
          "Bip01 R Pack",
          "Bip01 L Pack",
          "Bip01 Tail",
          "Bip01 Tail1",
          "Bip01 Tail2",
          "Bip01 Tail3"
        ]
      }
    ],
    "vertices": [
      {
        "position": {
          "type": "float32",
          "components": 3,
          "data": [
            0.159674,
            0.528537,
            -0.0607042,
            0.171946,
            0.65578,
            -0.0634412,
            0.117968,
            0.648916,
            -0.0368992,
            0.117968,
            0.648916,
            -0.0368992,
            0.0636993,
            0.540338,
            -0.0793798,
            0.159674,
            0.528537,
            -0.0607042,
            0.172916,
            0.38056,
            -0.217176,
            0.193183,
            0.587571,
            -0.305532,
            0.209145,
            0.652672,
            -0.12662,
            0.193183,
            0.587571,
            -0.305532,
            0.172916,
            0.38056,
            -0.217176,
            0.167752,
            0.407664,
            -0.363064,
            0.109896,
            0.594248,
            -0.369107,
            0.193183,
            0.587571,
            -0.305532,
            0.167752,
            0.407664,
            -0.363064,
            0.167752,
            0.407664,
            -0.363064,
            0.116331,
            0.409378,
            -0.388304,
            0.109896,
            0.594248,
            -0.369107,
            0.153698,
            0.797801,
            0.815769,
            0.074465,
            0.835281,
            0.938648,
            0.0566792,
            0.795808,
            0.927577,
            0.074465,
            0.835281,
            0.938648,
            0.153698,
            0.797801,
            0.815769,
            0.177788,
            0.85078,
            0.809058,
            0.143718,
            0.928717,
            0.826556,
            0.128366,
            1.02318,
            0.741905,
            0.131288,
            0.995214,
            0.82765,
            0.128366,
            1.02318,
            0.741905,
            0.143718,
            0.928717,
            0.826556,
            0.152272,
            0.924821,
            0.677111,
            -0.000217196,
            0.713067,
            0.775241,
            0.134048,
            0.798354,
            0.711197,
            0.153698,
            0.797801,
            0.815769,
            0.153698,
            0.797801,
            0.815769,
            -0.0000846825,
            0.7714,
            0.864617,
            -0.000217196,
            0.713067,
            0.775241,
            0.0318336,
            0.758953,
            1.07417,
            0.0425907,
            0.764053,
            1.04088,
            0.0373664,
            0.777859,
            1.04423,
            0.0373664,
            0.777859,
            1.04423,
            0.0289441,
            0.771944,
            1.07722,
            0.0318336,
            0.758953,
            1.07417,
            0.0359451,
            0.796672,
            1.00221,
            0.0607019,
            0.818673,
            0.95494,
            0.0526196,
            0.831051,
            0.942859,
            -0.0000831698,
            0.755802,
            1.09022,
            0.0318336,
            0.758953,
            1.07417,
            0.0289441,
            0.771944,
            1.07722,
            0.0289441,
            0.771944,
            1.07722,
            -0.0000831698,
            0.768882,
            1.09068,
            -0.0000831698,
            0.755802,
            1.09022,
            -0.0000846825,
            0.7714,
            0.864617,
            0.153698,
            0.797801,
            0.815769,
            0.0566792,
            0.795808,
            0.927577,
            0.0566792,
            0.795808,
            0.927577,
            -0.0000831697,
            0.779946,
            0.921555,
            -0.0000846825,
            0.7714,
            0.864617,
            0.0289441,
            0.771944,
            1.07722,
            0.0373664,
            0.777859,
            1.04423,
            -0.0000831698,
            0.796683,
            1.00407,
            -0.0000831698,
            0.796683,
            1.00407,
            -0.0000831698,
            0.768882,
            1.09068,
            0.0289441,
            0.771944,
            1.07722,
            0.0526196,
            0.831051,
            0.942859,
            0.0609057,
            0.850591,
            0.960902,
            -0.0000831702,
            0.829772,
            0.947576,
            0.0729399,
            0.97102,
            0.942805,
            0.113661,
            0.970691,
            0.883449,
            0.103579,
            1.01107,
            0.917475,
            0.074465,
            0.835281,
            0.938648,
            0.177788,
            0.85078,
            0.809058,
            0.0655882,
            0.8606,
            0.954318,
            0.0709779,
            1.08505,
            0.797851,
            0.0726849,
            1.09855,
            0.901584,
            0.102556,
            1.10422,
            0.816017,
            0.101451,
            1.04793,
            0.788349,
            0.128366,
            1.02318,
            0.741905,
            0.0709779,
            1.08505,
            0.797851,
            -0.0000592132,
            1.10116,
            0.546524,
            0.107274,
            1.03493,
            0.5515,
            0.0934115,
            1.02752,
            0.406328,
            0.0934115,
            1.02752,
            0.406328,
            -0.0000894552,
            1.0756,
            0.412917,
            -0.0000592132,
            1.10116,
            0.546524,
            0.086114,
            -0.000439901,
            0.614644,
            0.0940775,
            -0.000444401,
            0.435311,
            0.238257,
            -0.000444391,
            0.408544,
            0.238257,
            -0.000444391,
            0.408544,
            0.269945,
            -0.000444728,
            0.592476,
            0.086114,
            -0.000439901,
            0.614644,
            0.130794,
            0.602174,
            0.57205,
            0.231796,
            0.563913,
            0.483467,
            0.220188,
            0.691037,
            0.527616,
            0.220188,
            0.691037,
            0.527616,
            0.14721,
            0.687104,
            0.596045,
            0.130794,
            0.602174,
            0.57205,
            0.122759,
            0.823202,
            0.611909,
            0.107274,
            1.03493,
            0.5515,
            0.0730014,
            0.998828,
            0.660235,
            0.257616,
            0.697841,
            0.4102,
            0.220188,
            0.691037,
            0.527616,
            0.231796,
            0.563913,
            0.483467,
            0.231796,
            0.563913,
            0.483467,
            0.260715,
            0.532853,
            0.358539,
            0.257616,
            0.697841,
            0.4102,
            0.107205,
            0.217817,
            0.355285,
            0.137735,
            0.217404,
            0.295732,
            0.150177,
            0.171611,
            0.283142,
            0.150177,
            0.171611,
            0.283142,
            0.108086,
            0.0861198,
            0.395655,
            0.107205,
            0.217817,
            0.355285,
            0.150177,
            0.171611,
            0.283142,
            0.175638,
            0.225671,
            0.339284,
            0.209863,
            0.0875681,
            0.379389,
            0.175638,
            0.225671,
            0.339284,
            0.150177,
            0.171611,
            0.283142,
            0.137735,
            0.217404,
            0.295732,
            0.14661,
            0.127685,
            0.438484,
            0.107205,
            0.217817,
            0.355285,
            0.108086,
            0.0861198,
            0.395655,
            0.107205,
            0.217817,
            0.355285,
            0.14661,
            0.127685,
            0.438484,
            0.14148,
            0.214574,
            0.388727,
            0.175638,
            0.225671,
            0.339284,
            0.172591,
            0.216842,
            0.382673,
            0.198649,
            0.122676,
            0.434851,
            0.198649,
            0.122676,
            0.434851,
            0.209863,
            0.0875681,
            0.379389,
            0.175638,
            0.225671,
            0.339284,
            0.172591,
            0.216842,
            0.382673,
            0.14148,
            0.214574,
            0.388727,
            0.14661,
            0.127685,
            0.438484,
            0.14661,
            0.127685,
            0.438484,
            0.198649,
            0.122676,
            0.434851,
            0.172591,
            0.216842,
            0.382673,
            0.127084,
            0.111315,
            0.560104,
            0.108086,
            0.0861198,
            0.395655,
            0.0940775,
            -0.000444401,
            0.435311,
            0.0940775,
            -0.000444401,
            0.435311,
            0.086114,
            -0.000439901,
            0.614644,
            0.127084,
            0.111315,
            0.560104,
            0.238257,
            -0.000444391,
            0.408544,
            0.256085,
            0.108733,
            0.548356,
            0.269945,
            -0.000444728,
            0.592476,
            0.256085,
            0.108733,
            0.548356,
            0.238257,
            -0.000444391,
            0.408544,
            0.209863,
            0.0875681,
            0.379389,
            0.256085,
            0.108733,
            0.548356,
            0.127084,
            0.111315,
            0.560104,
            0.086114,
            -0.000439901,
            0.614644,
            0.086114,
            -0.000439901,
            0.614644,
            0.269945,
            -0.000444728,
            0.592476,
            0.256085,
            0.108733,
            0.548356,
            0.204533,
            0.871448,
            0.468125,
            0.174268,
            0.853427,
            0.556457,
            0.220188,
            0.691037,
            0.527616,
            0.220188,
            0.691037,
            0.527616,
            0.257616,
            0.697841,
            0.4102,
            0.204533,
            0.871448,
            0.468125,
            0.122759,
            0.823202,
            0.611909,
            0.14721,
            0.687104,
            0.596045,
            0.174268,
            0.853427,
            0.556457,
            0.220188,
            0.691037,
            0.527616,
            0.174268,
            0.853427,
            0.556457,
            0.14721,
            0.687104,
            0.596045,
            0.0648349,
            0.524757,
